9 65 12 7 21 5 7 46 52 10
9 65 12 7 21 5 7 46 52 10
9 65 12 7 21 5 7 46 52 10
9 65 12 7 21 5 7 46 52 10
9 7 12 65 21 5 7 46 52 10
9 7 12 65 21 5 7 46 52 10
9 7 5 65 21 12 7 46 52 10
9 7 5 7 21 12 65 46 52 10
9 7 5 7 21 12 65 46 52 10
9 7 5 7 21 12 65 46 52 10
9 7 5 7 10 12 65 46 52 21
9 7 5 7 10 12 65 46 52 21
7 9 5 7 10 12 65 46 52 21
7 5 9 7 10 12 65 46 52 21
7 5 7 9 10 12 65 46 52 21
7 5 7 9 10 12 65 46 52 21
5 7 7 9 10 12 65 46 52 21
5 7 7 9 10 12 65 46 52 21
5 7 7 9 10 12 65 46 52 21
5 7 7 9 10 12 65 46 52 21
5 7 7 9 10 12 65 46 52 21
5 7 7 9 10 12 21 46 52 65
5 7 7 9 10 12 21 46 52 65
5 7 7 9 10 12 21 46 52 65
5 7 7 9 10 12 21 46 52 65
5 7 7 9 10 12 21 46 52 65
5 7 7 9 10 12 21 46 52 65
5 7 7 9 10 12 21 46 52 65
